start:
  orientation:
    w: 0.9999259175213545
    x: 0.0
    y: 0.0
    z: 0.01217207743474423
  position:
    x: 0.013231733681539093
    y: 0.018335871346826592
    z: 0.0
test_location:
  orientation:
    w: 0.988139264945645
    x: 0.0
    y: 0.0
    z: 0.15356038900927718
  position:
    x: 1.1477123764249593
    y: 0.01805327492773014
    z: 0.0
